50  50  50  50  50  50  50  50  50  50  50  
50  0  0  0  0  0  0  0  0  0  50  
50  0  0  0  0  0  0  0  0  0  50  
50  0  0  0  0  0  0  0  0  0  50  
50  0  0  0  0  0  0  0  0  0  50  
50  0  0  0  0  0  0  0  0  0  50  
50  0  0  0  0  0  0  0  0  0  50  
50  0  0  0  0  0  0  0  0  0  50  
50  0  0  0  0  0  0  0  0  0  50  
50  0  0  0  0  0  0  0  0  0  50  
50  50  50  50  50  50  50  50  50  50  50  

 Average is: 16.5289  at 1

50  50  50  50  50  50  50  50  50  50  50  
50  25  12.5  12.5  12.5  12.5  12.5  12.5  12.5  25  50  
50  12.5  0  0  0  0  0  0  0  12.5  50  
50  12.5  0  0  0  0  0  0  0  12.5  50  
50  12.5  0  0  0  0  0  0  0  12.5  50  
50  12.5  0  0  0  0  0  0  0  12.5  50  
50  12.5  0  0  0  0  0  0  0  12.5  50  
50  12.5  0  0  0  0  0  0  0  12.5  50  
50  12.5  0  0  0  0  0  0  0  12.5  50  
50  25  12.5  12.5  12.5  12.5  12.5  12.5  12.5  25  50  
50  50  50  50  50  50  50  50  50  50  50  

 Average is: 20.2479  at 2

50  50  50  50  50  50  50  50  50  50  50  
50  31.25  21.875  18.75  18.75  18.75  18.75  18.75  21.875  31.25  50  
50  21.875  6.25  3.125  3.125  3.125  3.125  3.125  6.25  21.875  50  
50  18.75  3.125  0  0  0  0  0  3.125  18.75  50  
50  18.75  3.125  0  0  0  0  0  3.125  18.75  50  
50  18.75  3.125  0  0  0  0  0  3.125  18.75  50  
50  18.75  3.125  0  0  0  0  0  3.125  18.75  50  
50  18.75  3.125  0  0  0  0  0  3.125  18.75  50  
50  21.875  6.25  3.125  3.125  3.125  3.125  3.125  6.25  21.875  50  
50  31.25  21.875  18.75  18.75  18.75  18.75  18.75  21.875  31.25  50  
50  50  50  50  50  50  50  50  50  50  50  

 Average is: 22.8306  at 3

50  50  50  50  50  50  50  50  50  50  50  
50  35.9375  26.5625  23.4375  22.6562  22.6562  22.6562  23.4375  26.5625  35.9375  50  
50  26.5625  12.5  7.03125  6.25  6.25  6.25  7.03125  12.5  26.5625  50  
50  23.4375  7.03125  1.5625  0.78125  0.78125  0.78125  1.5625  7.03125  23.4375  50  
50  22.6562  6.25  0.78125  0  0  0  0.78125  6.25  22.6562  50  
50  22.6562  6.25  0.78125  0  0  0  0.78125  6.25  22.6562  50  
50  22.6562  6.25  0.78125  0  0  0  0.78125  6.25  22.6562  50  
50  23.4375  7.03125  1.5625  0.78125  0.78125  0.78125  1.5625  7.03125  23.4375  50  
50  26.5625  12.5  7.03125  6.25  6.25  6.25  7.03125  12.5  26.5625  50  
50  35.9375  26.5625  23.4375  22.6562  22.6562  22.6562  23.4375  26.5625  35.9375  50  
50  50  50  50  50  50  50  50  50  50  50  

 Average is: 24.8967  at 4

50  50  50  50  50  50  50  50  50  50  50  
50  38.2812  30.4688  26.5625  25.5859  25.3906  25.5859  26.5625  30.4688  38.2812  50  
50  30.4688  16.7969  10.9375  9.17969  8.98438  9.17969  10.9375  16.7969  30.4688  50  
50  26.5625  10.9375  3.90625  2.14844  1.95312  2.14844  3.90625  10.9375  26.5625  50  
50  25.5859  9.17969  2.14844  0.390625  0.195312  0.390625  2.14844  9.17969  25.5859  50  
50  25.3906  8.98438  1.95312  0.195312  0  0.195312  1.95312  8.98438  25.3906  50  
50  25.5859  9.17969  2.14844  0.390625  0.195312  0.390625  2.14844  9.17969  25.5859  50  
50  26.5625  10.9375  3.90625  2.14844  1.95312  2.14844  3.90625  10.9375  26.5625  50  
50  30.4688  16.7969  10.9375  9.17969  8.98438  9.17969  10.9375  16.7969  30.4688  50  
50  38.2812  30.4688  26.5625  25.5859  25.3906  25.5859  26.5625  30.4688  38.2812  50  
50  50  50  50  50  50  50  50  50  50  50  

 Average is: 26.6335  at 5

50  50  50  50  50  50  50  50  50  50  50  
50  40.2344  32.9102  29.248  27.7832  27.5391  27.7832  29.248  32.9102  40.2344  50  
50  32.9102  20.7031  14.1113  11.9141  11.4258  11.9141  14.1113  20.7031  32.9102  50  
50  29.248  14.1113  6.54297  3.85742  3.36914  3.85742  6.54297  14.1113  29.248  50  
50  27.7832  11.9141  3.85742  1.17188  0.683594  1.17188  3.85742  11.9141  27.7832  50  
50  27.5391  11.4258  3.36914  0.683594  0.195312  0.683594  3.36914  11.4258  27.5391  50  
50  27.7832  11.9141  3.85742  1.17188  0.683594  1.17188  3.85742  11.9141  27.7832  50  
50  29.248  14.1113  6.54297  3.85742  3.36914  3.85742  6.54297  14.1113  29.248  50  
50  32.9102  20.7031  14.1113  11.9141  11.4258  11.9141  14.1113  20.7031  32.9102  50  
50  40.2344  32.9102  29.248  27.7832  27.5391  27.7832  29.248  32.9102  40.2344  50  
50  50  50  50  50  50  50  50  50  50  50  

 Average is: 28.1444  at 6

50  50  50  50  50  50  50  50  50  50  50  
50  41.4551  35.0464  31.2012  29.6753  29.248  29.6753  31.2012  35.0464  41.4551  50  
50  35.0464  23.5107  17.1021  14.2944  13.6841  14.2944  17.1021  23.5107  35.0464  50  
50  31.2012  17.1021  8.98438  5.74951  4.95605  5.74951  8.98438  17.1021  31.2012  50  
50  29.6753  14.2944  5.74951  2.27051  1.47705  2.27051  5.74951  14.2944  29.6753  50  
50  29.248  13.6841  4.95605  1.47705  0.683594  1.47705  4.95605  13.6841  29.248  50  
50  29.6753  14.2944  5.74951  2.27051  1.47705  2.27051  5.74951  14.2944  29.6753  50  
50  31.2012  17.1021  8.98438  5.74951  4.95605  5.74951  8.98438  17.1021  31.2012  50  
50  35.0464  23.5107  17.1021  14.2944  13.6841  14.2944  17.1021  23.5107  35.0464  50  
50  41.4551  35.0464  31.2012  29.6753  29.248  29.6753  31.2012  35.0464  41.4551  50  
50  50  50  50  50  50  50  50  50  50  50  

 Average is: 29.4841  at 7

50  50  50  50  50  50  50  50  50  50  50  
50  42.5232  36.5417  32.9559  31.1859  30.7587  31.1859  32.9559  36.5417  42.5232  50  
50  36.5417  26.0742  19.4977  16.5527  15.6982  16.5527  19.4977  26.0742  36.5417  50  
50  32.9559  19.4977  11.4258  7.62634  6.66504  7.62634  11.4258  19.4977  32.9559  50  
50  31.1859  16.5527  7.62634  3.61328  2.54517  3.61328  7.62634  16.5527  31.1859  50  
50  30.7587  15.6982  6.66504  2.54517  1.47705  2.54517  6.66504  15.6982  30.7587  50  
50  31.1859  16.5527  7.62634  3.61328  2.54517  3.61328  7.62634  16.5527  31.1859  50  
50  32.9559  19.4977  11.4258  7.62634  6.66504  7.62634  11.4258  19.4977  32.9559  50  
50  36.5417  26.0742  19.4977  16.5527  15.6982  16.5527  19.4977  26.0742  36.5417  50  
50  42.5232  36.5417  32.9559  31.1859  30.7587  31.1859  32.9559  36.5417  42.5232  50  
50  50  50  50  50  50  50  50  50  50  50  

 Average is: 30.6907  at 8

50  50  50  50  50  50  50  50  50  50  50  
50  43.2709  37.8883  34.3063  32.5668  32.0175  32.5668  34.3063  37.8883  43.2709  50  
50  37.8883  28.0197  21.7522  18.502  17.6323  18.502  21.7522  28.0197  37.8883  50  
50  34.3063  21.7522  13.562  9.56421  8.37402  9.56421  13.562  21.7522  34.3063  50  
50  32.5668  18.502  9.56421  5.08575  3.84216  5.08575  9.56421  18.502  32.5668  50  
50  32.0175  17.6323  8.37402  3.84216  2.54517  3.84216  8.37402  17.6323  32.0175  50  
50  32.5668  18.502  9.56421  5.08575  3.84216  5.08575  9.56421  18.502  32.5668  50  
50  34.3063  21.7522  13.562  9.56421  8.37402  9.56421  13.562  21.7522  34.3063  50  
50  37.8883  28.0197  21.7522  18.502  17.6323  18.502  21.7522  28.0197  37.8883  50  
50  43.2709  37.8883  34.3063  32.5668  32.0175  32.5668  34.3063  37.8883  43.2709  50  
50  50  50  50  50  50  50  50  50  50  50  

 Average is: 31.7885  at 9

50  50  50  50  50  50  50  50  50  50  50  
50  43.9442  38.8992  35.5518  33.7065  33.1915  33.7065  35.5518  38.8992  43.9442  50  
50  38.8992  29.8203  23.5975  20.3789  19.3489  20.3789  23.5975  29.8203  38.8992  50  
50  35.5518  23.5975  15.6582  11.381  10.1507  11.381  15.6582  23.5975  35.5518  50  
50  33.7065  20.3789  11.381  6.70319  5.27267  6.70319  11.381  20.3789  33.7065  50  
50  33.1915  19.3489  10.1507  5.27267  3.84216  5.27267  10.1507  19.3489  33.1915  50  
50  33.7065  20.3789  11.381  6.70319  5.27267  6.70319  11.381  20.3789  33.7065  50  
50  35.5518  23.5975  15.6582  11.381  10.1507  11.381  15.6582  23.5975  35.5518  50  
50  38.8992  29.8203  23.5975  20.3789  19.3489  20.3789  23.5975  29.8203  38.8992  50  
50  43.9442  38.8992  35.5518  33.7065  33.1915  33.7065  35.5518  38.8992  43.9442  50  
50  50  50  50  50  50  50  50  50  50  50  

 Average is: 32.796  at 10

50  50  50  50  50  50  50  50  50  50  50  
50  44.4496  39.8291  36.5508  34.7805  34.1905  34.7805  36.5508  39.8291  44.4496  50  
50  39.8291  31.2484  25.3523  22.0085  21.025  22.0085  25.3523  31.2484  39.8291  50  
50  36.5508  25.3523  17.4892  13.2227  11.8459  13.2227  17.4892  25.3523  36.5508  50  
50  34.7805  22.0085  13.2227  8.32682  6.84981  8.32682  13.2227  22.0085  34.7805  50  
50  34.1905  21.025  11.8459  6.84981  5.27267  6.84981  11.8459  21.025  34.1905  50  
50  34.7805  22.0085  13.2227  8.32682  6.84981  8.32682  13.2227  22.0085  34.7805  50  
50  36.5508  25.3523  17.4892  13.2227  11.8459  13.2227  17.4892  25.3523  36.5508  50  
50  39.8291  31.2484  25.3523  22.0085  21.025  22.0085  25.3523  31.2484  39.8291  50  
50  44.4496  39.8291  36.5508  34.7805  34.1905  34.7805  36.5508  39.8291  44.4496  50  
50  50  50  50  50  50  50  50  50  50  50  

 Average is: 33.7267  at 11

50  50  50  50  50  50  50  50  50  50  50  
50  44.9145  40.5622  37.4905  35.6874  35.1465  35.6874  37.4905  40.5622  44.9145  50  
50  40.5622  32.5907  26.8242  23.5951  22.5133  23.5951  26.8242  32.5907  40.5622  50  
50  37.4905  26.8242  19.2875  14.9176  13.5801  14.9176  19.2875  26.8242  37.4905  50  
50  35.6874  23.5951  14.9176  10.0363  8.44305  10.0363  14.9176  23.5951  35.6874  50  
50  35.1465  22.5133  13.5801  8.44305  6.84981  8.44305  13.5801  22.5133  35.1465  50  
50  35.6874  23.5951  14.9176  10.0363  8.44305  10.0363  14.9176  23.5951  35.6874  50  
50  37.4905  26.8242  19.2875  14.9176  13.5801  14.9176  19.2875  26.8242  37.4905  50  
50  40.5622  32.5907  26.8242  23.5951  22.5133  23.5951  26.8242  32.5907  40.5622  50  
50  44.9145  40.5622  37.4905  35.6874  35.1465  35.6874  37.4905  40.5622  44.9145  50  
50  50  50  50  50  50  50  50  50  50  50  

 Average is: 34.591  at 12

50  50  50  50  50  50  50  50  50  50  50  
50  45.2811  41.2489  38.2685  36.558  35.972  36.558  38.2685  41.2489  45.2811  50  
50  41.2489  33.6932  28.241  24.9856  23.9792  24.9856  28.241  33.6932  41.2489  50  
50  38.2685  28.2409  20.8709  16.6248  15.1979  16.6248  20.8709  28.241  38.2685  50  
50  36.558  24.9856  16.6248  11.6803  10.1256  11.6803  16.6248  24.9856  36.558  50  
50  35.972  23.9792  15.1979  10.1256  8.44305  10.1256  15.1979  23.9792  35.972  50  
50  36.558  24.9856  16.6248  11.6803  10.1256  11.6803  16.6248  24.9856  36.558  50  
50  38.2685  28.2409  20.8709  16.6248  15.1979  16.6248  20.8709  28.241  38.2685  50  
50  41.2489  33.6932  28.241  24.9856  23.9792  24.9856  28.241  33.6932  41.2489  50  
50  45.2811  41.2489  38.2685  36.558  35.972  36.558  38.2685  41.2489  45.2811  50  
50  50  50  50  50  50  50  50  50  50  50  

 Average is: 35.3972  at 13

50  50  50  50  50  50  50  50  50  50  50  
50  45.6245  41.8107  39.012  37.3065  36.7738  37.3065  39.012  41.8107  45.6245  50  
50  41.8107  34.7449  29.4546  26.3507  25.2853  26.3507  29.4546  34.7449  41.8107  50  
50  39.012  29.4546  22.4328  18.1837  16.8386  18.1837  22.4329  29.4546  39.012  50  
50  37.3065  26.3507  18.1837  13.3752  11.7504  13.3752  18.1837  26.3507  37.3065  50  
50  36.7738  25.2853  16.8386  11.7504  10.1256  11.7504  16.8386  25.2853  36.7738  50  
50  37.3065  26.3507  18.1837  13.3752  11.7504  13.3752  18.1837  26.3507  37.3065  50  
50  39.012  29.4546  22.4328  18.1837  16.8386  18.1837  22.4329  29.4546  39.012  50  
50  41.8107  34.7449  29.4546  26.3507  25.2853  26.3507  29.4546  34.7449  41.8107  50  
50  45.6245  41.8107  39.012  37.3065  36.7738  37.3065  39.012  41.8107  45.6245  50  
50  50  50  50  50  50  50  50  50  50  50  

 Average is: 36.1519  at 14

50  50  50  50  50  50  50  50  50  50  50  
50  45.9053  42.3453  39.6429  38.0341  37.4746  38.0341  39.6429  42.3453  45.9053  50  
50  42.3453  35.6326  30.6351  27.5575  26.5785  27.5575  30.6351  35.6326  42.3453  50  
50  39.6429  30.6351  23.8191  19.7493  18.3508  19.7493  23.8191  30.6351  39.6429  50  
50  38.0341  27.5575  19.7493  14.967  13.4286  14.967  19.7493  27.5575  38.0341  50  
50  37.4746  26.5785  18.3508  13.4286  11.7504  13.4286  18.3508  26.5785  37.4746  50  
50  38.0341  27.5575  19.7493  14.967  13.4286  14.967  19.7493  27.5575  38.0341  50  
50  39.6429  30.6351  23.8191  19.7493  18.3508  19.7493  23.8191  30.6351  39.6429  50  
50  42.3453  35.6326  30.6351  27.5575  26.5785  27.5575  30.6351  35.6326  42.3453  50  
50  45.9053  42.3453  39.6429  38.0341  37.4746  38.0341  39.6429  42.3453  45.9053  50  
50  50  50  50  50  50  50  50  50  50  50  

 Average is: 36.8603  at 15

50  50  50  50  50  50  50  50  50  50  50  
50  46.1727  42.7952  40.2537  38.6688  38.1617  38.6688  40.2537  42.7952  46.1727  50  
50  42.7952  36.4902  31.6631  28.7493  27.7351  28.7493  31.6631  36.4902  42.7952  50  
50  40.2537  31.6631  25.1922  21.1736  19.8764  21.1736  25.1922  31.6631  40.2537  50  
50  38.6688  28.7493  21.1736  16.589  15.0088  16.589  21.1736  28.7493  38.6688  50  
50  38.1617  27.7351  19.8764  15.0088  13.4286  15.0088  19.8764  27.7351  38.1617  50  
50  38.6688  28.7493  21.1736  16.589  15.0088  16.589  21.1736  28.7493  38.6688  50  
50  40.2537  31.6631  25.1922  21.1736  19.8764  21.1736  25.1922  31.6631  40.2537  50  
50  42.7952  36.4902  31.6631  28.7493  27.7351  28.7493  31.6631  36.4902  42.7952  50  
50  46.1727  42.7952  40.2537  38.6688  38.1617  38.6688  40.2537  42.7952  46.1727  50  
50  50  50  50  50  50  50  50  50  50  50  

 Average is: 37.527  at 16

50  50  50  50  50  50  50  50  50  50  50  
50  46.3976  43.2291  40.7818  39.2911  38.7682  39.2911  40.7818  43.2291  46.3976  50  
50  43.2291  37.2291  32.6713  29.8101  28.8842  29.8101  32.6713  37.2291  43.2291  50  
50  40.7818  32.6713  26.4183  22.6017  21.2728  22.6017  26.4183  32.6713  40.7818  50  
50  39.2912  29.8101  22.6017  18.0912  16.6208  18.0912  22.6017  29.8101  39.2911  50  
50  38.7682  28.8842  21.2728  16.6208  15.0088  16.6208  21.2728  28.8842  38.7682  50  
50  39.2912  29.8101  22.6017  18.0912  16.6208  18.0912  22.6017  29.8101  39.2911  50  
50  40.7818  32.6713  26.4183  22.6017  21.2728  22.6017  26.4183  32.6713  40.7818  50  
50  43.2291  37.2291  32.6713  29.8101  28.8842  29.8101  32.6713  37.2291  43.2291  50  
50  46.3976  43.2291  40.7818  39.2911  38.7682  39.2911  40.7818  43.2291  46.3976  50  
50  50  50  50  50  50  50  50  50  50  50  

 Average is: 38.1555  at 17

50  50  50  50  50  50  50  50  50  50  50  
50  46.6146  43.6021  41.2979  39.84  39.3666  39.84  41.2979  43.6021  46.6146  50  
50  43.6021  37.9502  33.5598  30.8621  29.9153  30.8621  33.5598  37.9502  43.6021  50  
50  41.2979  33.5598  27.6365  23.8981  22.6771  23.8981  27.6365  33.5598  41.2979  50  
50  39.84  30.8621  23.8981  19.6112  18.116  19.6112  23.8981  30.8621  39.84  50  
50  39.3666  29.9153  22.6771  18.116  16.6208  18.116  22.6771  29.9153  39.3666  50  
50  39.84  30.8621  23.8981  19.6112  18.116  19.6112  23.8981  30.8621  39.84  50  
50  41.2979  33.5598  27.6365  23.8981  22.6771  23.8981  27.6365  33.5598  41.2979  50  
50  43.6021  37.9502  33.5598  30.8621  29.9153  30.8621  33.5598  37.9502  43.6021  50  
50  46.6146  43.6021  41.2979  39.84  39.3666  39.84  41.2979  43.6021  46.6146  50  
50  50  50  50  50  50  50  50  50  50  50  

 Average is: 38.7492  at 18

50  50  50  50  50  50  50  50  50  50  50  
50  46.8011  43.9657  41.7505  40.3817  39.8988  40.3817  41.7505  43.9657  46.8011  50  
50  43.9657  38.581  34.4367  31.8033  30.942  31.8033  34.4367  38.581  43.9657  50  
50  41.7505  34.4367  28.729  25.1967  23.9569  25.1967  28.729  34.4367  41.7505  50  
50  40.3817  31.8033  25.1967  21.0071  19.6301  21.0071  25.1967  31.8033  40.3817  50  
50  39.8988  30.942  23.9569  19.6301  18.116  19.6301  23.9569  30.942  39.8988  50  
50  40.3817  31.8033  25.1967  21.0071  19.6301  21.0071  25.1967  31.8033  40.3817  50  
50  41.7505  34.4367  28.729  25.1967  23.9569  25.1967  28.729  34.4367  41.7505  50  
50  43.9657  38.581  34.4367  31.8033  30.942  31.8033  34.4367  38.581  43.9657  50  
50  46.8011  43.9657  41.7505  40.3817  39.8988  40.3817  41.7505  43.9657  46.8011  50  
50  50  50  50  50  50  50  50  50  50  50  

 Average is: 39.3105  at 19

50  50  50  50  50  50  50  50  50  50  50  
50  46.9828  44.2831  42.196  40.8632  40.4263  40.8632  42.196  44.2831  46.9828  50  
50  44.2831  39.2012  35.2159  32.7393  31.8656  32.7393  35.2159  39.2012  44.2831  50  
50  42.196  35.2159  29.8167  26.3741  25.2414  26.3741  29.8167  35.2159  42.196  50  
50  40.8632  32.7393  26.3741  22.4134  21.0218  22.4134  26.3741  32.7393  40.8632  50  
50  40.4263  31.8656  25.2414  21.0218  19.6301  21.0218  25.2414  31.8656  40.4263  50  
50  40.8632  32.7393  26.3741  22.4134  21.0218  22.4134  26.3741  32.7393  40.8632  50  
50  42.196  35.2159  29.8167  26.3741  25.2414  26.3741  29.8167  35.2159  42.196  50  
50  44.2831  39.2012  35.2159  32.7393  31.8656  32.7393  35.2159  39.2012  44.2831  50  
50  46.9828  44.2831  42.196  40.8632  40.4263  40.8632  42.196  44.2831  46.9828  50  
50  50  50  50  50  50  50  50  50  50  50  

 Average is: 39.842  at 20

50  50  50  50  50  50  50  50  50  50  50  
50  47.1416  44.595  42.5906  41.3404  40.898  41.3404  42.5906  44.595  47.1416  50  
50  44.595  39.7495  35.9883  33.5797  32.7866  33.5797  35.9883  39.7495  44.595  50  
50  42.5906  35.9883  30.795  27.5527  26.4089  27.5527  30.795  35.9883  42.5906  50  
50  41.3404  33.5797  27.5527  23.6979  22.4246  23.6979  27.5527  33.5797  41.3404  50  
50  40.898  32.7866  26.4089  22.4246  21.0218  22.4246  26.4089  32.7866  40.898  50  
50  41.3404  33.5797  27.5527  23.6979  22.4246  23.6979  27.5527  33.5797  41.3404  50  
50  42.5906  35.9883  30.795  27.5527  26.4089  27.5527  30.795  35.9883  42.5906  50  
50  44.595  39.7495  35.9883  33.5797  32.7866  33.5797  35.9883  39.7495  44.595  50  
50  47.1416  44.595  42.5906  41.3404  40.898  41.3404  42.5906  44.595  47.1416  50  
50  50  50  50  50  50  50  50  50  50  50  

 Average is: 40.3455  at 21

50  50  50  50  50  50  50  50  50  50  50  
50  47.2975  44.8704  42.9809  41.7671  41.3668  41.7671  42.9809  44.8704  47.2975  50  
50  44.8704  40.2917  36.6787  34.417  33.6166  34.417  36.6787  40.2917  44.8704  50  
50  42.9809  36.6787  31.7705  28.6204  27.5791  28.6204  31.7705  36.6787  42.9809  50  
50  41.7671  34.417  28.6204  24.9886  23.7066  24.9886  28.6204  34.417  41.7671  50  
50  41.3668  33.6166  27.5791  23.7066  22.4246  23.7066  27.5791  33.6166  41.3668  50  
50  41.7671  34.417  28.6204  24.9886  23.7066  24.9886  28.6204  34.417  41.7671  50  
50  42.9809  36.6787  31.7705  28.6204  27.5791  28.6204  31.7705  36.6787  42.9809  50  
50  44.8704  40.2917  36.6787  34.417  33.6166  34.417  36.6787  40.2917  44.8704  50  
50  47.2975  44.8704  42.9809  41.7671  41.3668  41.7671  42.9809  44.8704  47.2975  50  
50  50  50  50  50  50  50  50  50  50  50  

 Average is: 40.8229  at 22

50  50  50  50  50  50  50  50  50  50  50  
50  47.4352  45.1425  43.329  42.1912  41.7877  42.1912  43.329  45.1425  47.4352  50  
50  45.1425  40.7746  37.365  35.1707  34.445  35.1707  37.365  40.7746  45.1425  50  
50  43.329  37.365  32.6495  29.6888  28.641  29.6888  32.6495  37.365  43.329  50  
50  42.1912  35.1707  29.6888  26.1635  24.9952  26.1635  29.6888  35.1707  42.1912  50  
50  41.7877  34.445  28.641  24.9952  23.7066  24.9953  28.641  34.445  41.7877  50  
50  42.1912  35.1707  29.6888  26.1635  24.9952  26.1635  29.6888  35.1707  42.1912  50  
50  43.329  37.365  32.6495  29.6888  28.641  29.6888  32.6495  37.365  43.329  50  
50  45.1425  40.7746  37.365  35.1707  34.445  35.1707  37.365  40.7746  45.1425  50  
50  47.4352  45.1425  43.329  42.1912  41.7877  42.1912  43.329  45.1425  47.4352  50  
50  50  50  50  50  50  50  50  50  50  50  

 Average is: 41.2758  at 23

50  50  50  50  50  50  50  50  50  50  50  
50  47.5713  45.3847  43.6747  42.5718  42.2068  42.5718  43.6747  45.3847  47.5713  50  
50  45.3847  41.2538  37.981  35.9225  35.1925  35.9225  37.9809  41.2538  45.3847  50  
50  43.6747  37.981  33.5269  30.6562  29.7045  30.6562  33.5269  37.9809  43.6747  50  
50  42.5718  35.9225  30.6562  27.342  26.1686  27.342  30.6562  35.9225  42.5718  50  
50  42.2068  35.1925  29.7045  26.1686  24.9953  26.1686  29.7045  35.1925  42.2068  50  
50  42.5718  35.9225  30.6562  27.342  26.1686  27.342  30.6562  35.9225  42.5718  50  
50  43.6747  37.981  33.5269  30.6562  29.7045  30.6562  33.5269  37.9809  43.6747  50  
50  45.3847  41.2538  37.981  35.9225  35.1925  35.9225  37.9809  41.2538  45.3847  50  
50  47.5713  45.3847  43.6747  42.5718  42.2068  42.5718  43.6747  45.3847  47.5713  50  
50  50  50  50  50  50  50  50  50  50  50  

 Average is: 41.7057  at 24

50  50  50  50  50  50  50  50  50  50  50  
50  47.6924  45.6249  43.9844  42.951  42.584  42.951  43.9844  45.6249  47.6924  50  
50  45.6249  41.6828  38.5945  36.6004  35.9391  36.6004  38.5945  41.6828  45.6249  50  
50  43.9844  38.5945  34.3186  31.624  30.6684  31.624  34.3186  38.5945  43.9844  50  
50  42.951  36.6004  31.624  28.4124  27.3459  28.4124  31.624  36.6004  42.951  50  
50  42.584  35.9391  30.6684  27.3459  26.1686  27.3459  30.6684  35.9391  42.584  50  
50  42.951  36.6004  31.624  28.4124  27.3459  28.4124  31.624  36.6004  42.951  50  
50  43.9844  38.5945  34.3186  31.624  30.6684  31.624  34.3186  38.5945  43.9844  50  
50  45.6249  41.6828  38.5945  36.6004  35.9391  36.6004  38.5945  41.6828  45.6249  50  
50  47.6924  45.6249  43.9844  42.951  42.584  42.951  43.9844  45.6249  47.6924  50  
50  50  50  50  50  50  50  50  50  50  50  

 Average is: 42.1139  at 25

50  50  50  50  50  50  50  50  50  50  50  
50  47.8125  45.8399  44.2926  43.2922  42.9603  43.2922  44.2926  45.8399  47.8125  50  
50  45.8399  42.1097  39.1465  37.2771  36.6133  37.2771  39.1465  42.1097  45.8399  50  
50  44.2926  39.1465  35.1092  32.4999  31.6332  32.4999  35.1092  39.1465  44.2926  50  
50  43.2922  37.2771  32.4999  29.485  28.4155  29.485  32.4999  37.2771  43.2922  50  
50  42.9603  36.6133  31.6332  28.4155  27.3459  28.4155  31.6332  36.6133  42.9603  50  
50  43.2922  37.2771  32.4999  29.485  28.4155  29.485  32.4999  37.2771  43.2922  50  
50  44.2926  39.1465  35.1092  32.4999  31.6332  32.4999  35.1092  39.1465  44.2926  50  
50  45.8399  42.1097  39.1465  37.2771  36.6133  37.2771  39.1465  42.1097  45.8399  50  
50  47.8125  45.8399  44.2926  43.2922  42.9603  43.2922  44.2926  45.8399  47.8125  50  
50  50  50  50  50  50  50  50  50  50  50  

 Average is: 42.5015  at 26

50  50  50  50  50  50  50  50  50  50  50  
50  47.9199  46.0537  44.5697  43.6325  43.2994  43.6325  44.5697  46.0537  47.9199  50  
50  46.0537  42.4932  39.6972  37.888  37.2869  37.888  39.6972  42.4932  46.0537  50  
50  44.5697  39.6972  35.8232  33.3761  32.5071  33.3761  35.8232  39.6972  44.5697  50  
50  43.6325  37.888  33.3761  30.4577  29.4873  30.4577  33.3761  37.888  43.6325  50  
50  43.2994  37.2869  32.5071  29.4873  28.4155  29.4873  32.5071  37.2869  43.2994  50  
50  43.6325  37.888  33.3761  30.4577  29.4873  30.4577  33.3761  37.888  43.6325  50  
50  44.5697  39.6972  35.8232  33.3761  32.5071  33.3761  35.8232  39.6972  44.5697  50  
50  46.0537  42.4932  39.6972  37.888  37.2869  37.888  39.6972  42.4932  46.0537  50  
50  47.9199  46.0537  44.5697  43.6325  43.2994  43.6325  44.5697  46.0537  47.9199  50  
50  50  50  50  50  50  50  50  50  50  50  

 Average is: 42.8699  at 27

50  50  50  50  50  50  50  50  50  50  50  
50  48.0268  46.2457  44.8458  43.9393  43.638  43.9393  44.8458  46.2457  48.0268  50  
50  46.2457  42.8754  40.1935  38.4982  37.8956  38.4982  40.1935  42.8754  46.2457  50  
50  44.8458  40.1935  36.5367  34.169  33.3816  34.169  36.5367  40.1935  44.8458  50  
50  43.9393  38.4982  34.169  31.4317  30.4595  31.4317  34.169  38.4982  43.9393  50  
50  43.638  37.8956  33.3816  30.4595  29.4873  30.4595  33.3816  37.8956  43.638  50  
50  43.9393  38.4982  34.169  31.4317  30.4595  31.4317  34.169  38.4982  43.9393  50  
50  44.8458  40.1935  36.5367  34.169  33.3816  34.169  36.5367  40.1935  44.8458  50  
50  46.2457  42.8754  40.1935  38.4982  37.8956  38.4982  40.1935  42.8754  46.2457  50  
50  48.0268  46.2457  44.8458  43.9393  43.638  43.9393  44.8458  46.2457  48.0268  50  
50  50  50  50  50  50  50  50  50  50  50  

 Average is: 43.2198  at 28

50  50  50  50  50  50  50  50  50  50  50  
50  48.1228  46.437  45.0946  44.2455  43.9435  44.2455  45.0946  46.437  48.1229  50  
50  46.437  43.2196  40.689  39.0494  38.504  39.0494  40.689  43.2196  46.437  50  
50  45.0946  40.689  37.1813  34.962  34.1733  34.962  37.1813  40.689  45.0946  50  
50  44.2455  39.0494  34.962  32.3143  31.4331  32.3143  34.962  39.0494  44.2455  50  
50  43.9435  38.504  34.1733  31.4331  30.4595  31.4331  34.1733  38.504  43.9435  50  
50  44.2455  39.0494  34.962  32.3143  31.4331  32.3143  34.962  39.0494  44.2455  50  
50  45.0946  40.689  37.1813  34.962  34.1733  34.962  37.1813  40.689  45.0946  50  
50  46.437  43.2196  40.689  39.0494  38.504  39.0494  40.689  43.2196  46.437  50  
50  48.1228  46.437  45.0946  44.2455  43.9435  44.2455  45.0946  46.437  48.1229  50  
50  50  50  50  50  50  50  50  50  50  50  

 Average is: 43.5525  at 29

50  50  50  50  50  50  50  50  50  50  50  
50  48.2185  46.6093  45.3429  44.5219  44.2487  44.5219  45.3429  46.6093  48.2185  50  
50  46.6093  43.563  41.1362  39.6001  39.0539  39.6001  41.1362  43.563  46.6093  50  
50  45.3429  41.1362  37.8255  35.6795  34.9653  35.6795  37.8255  41.1362  45.3429  50  
50  44.5219  39.6001  35.6795  33.1976  32.3153  33.1976  35.6795  39.6001  44.5219  50  
50  44.2488  39.0539  34.9653  32.3153  31.4331  32.3153  34.9653  39.0539  44.2488  50  
50  44.5219  39.6001  35.6795  33.1976  32.3153  33.1976  35.6795  39.6001  44.5219  50  
50  45.3429  41.1362  37.8255  35.6795  34.9653  35.6795  37.8255  41.1362  45.3429  50  
50  46.6093  43.563  41.1362  39.6001  39.0539  39.6001  41.1362  43.563  46.6093  50  
50  48.2185  46.6093  45.3429  44.5219  44.2487  44.5219  45.3429  46.6093  48.2185  50  
50  50  50  50  50  50  50  50  50  50  50  

 Average is: 43.8686  at 30

50  50  50  50  50  50  50  50  50  50  50  
50  48.3046  46.7811  45.5668  44.7979  44.5244  44.7979  45.5668  46.7811  48.3046  50  
50  46.7811  43.8727  41.5829  40.0979  39.6036  40.0979  41.5829  43.8727  46.7811  50  
50  45.5668  41.5829  38.4079  36.3971  35.6821  36.3971  38.4079  41.5829  45.5668  50  
50  44.7979  40.0979  36.3971  33.9974  33.1984  33.9974  36.3971  40.0979  44.7979  50  
50  44.5244  39.6036  35.6821  33.1984  32.3153  33.1984  35.6821  39.6036  44.5244  50  
50  44.7979  40.0979  36.3971  33.9974  33.1984  33.9974  36.3971  40.0979  44.7979  50  
50  45.5668  41.5829  38.4079  36.3971  35.6821  36.3971  38.4079  41.5829  45.5668  50  
50  46.7811  43.8727  41.5829  40.0979  39.6036  40.0979  41.5829  43.8727  46.7811  50  
50  48.3046  46.7811  45.5668  44.7979  44.5244  44.7979  45.5668  46.7811  48.3046  50  
50  50  50  50  50  50  50  50  50  50  50  

 Average is: 44.1692  at 31

50  50  50  50  50  50  50  50  50  50  50  
50  48.3905  46.9361  45.7905  45.0473  44.7999  45.0473  45.7905  46.9361  48.3906  50  
50  46.9361  44.182  41.9863  40.5954  40.1006  40.5954  41.9863  44.182  46.9361  50  
50  45.7905  41.9863  38.99  37.0463  36.3991  37.0463  38.99  41.9863  45.7905  50  
50  45.0473  40.5954  37.0463  34.7978  33.9981  34.7978  37.0463  40.5954  45.0473  50  
50  44.7999  40.1006  36.3991  33.9981  33.1984  33.9981  36.3991  40.1006  44.7999  50  
50  45.0473  40.5954  37.0463  34.7978  33.9981  34.7978  37.0463  40.5954  45.0473  50  
50  45.7905  41.9863  38.99  37.0463  36.3991  37.0463  38.99  41.9863  45.7905  50  
50  46.9361  44.182  41.9863  40.5954  40.1006  40.5954  41.9863  44.182  46.9361  50  
50  48.3905  46.9361  45.7905  45.0473  44.7999  45.0473  45.7905  46.9361  48.3906  50  
50  50  50  50  50  50  50  50  50  50  50  

 Average is: 44.4549  at 32

50  50  50  50  50  50  50  50  50  50  50  
50  48.468  47.0908  45.9924  45.2964  45.0488  45.2964  45.9924  47.0908  48.468  50  
50  47.0908  44.4612  42.3895  41.0451  40.5974  41.0451  42.3895  44.4612  47.0908  50  
50  45.9924  42.3895  39.5163  37.6956  37.0478  37.6956  39.5163  42.3895  45.9924  50  
50  45.2964  41.0451  37.6956  35.5222  34.7982  35.5222  37.6956  41.0451  45.2964  50  
50  45.0488  40.5974  37.0478  34.7982  33.9981  34.7982  37.0478  40.5974  45.0488  50  
50  45.2964  41.0451  37.6956  35.5222  34.7982  35.5222  37.6956  41.0451  45.2964  50  
50  45.9924  42.3895  39.5163  37.6956  37.0478  37.6956  39.5163  42.3895  45.9924  50  
50  47.0908  44.4612  42.3895  41.0451  40.5974  41.0451  42.3895  44.4612  47.0908  50  
50  48.468  47.0908  45.9924  45.2964  45.0488  45.2964  45.9924  47.0908  48.468  50  
50  50  50  50  50  50  50  50  50  50  50  

 Average is: 44.7266  at 33

50  50  50  50  50  50  50  50  50  50  50  
50  48.5454  47.2304  46.1942  45.5216  45.2976  45.5216  46.1942  47.2304  48.5454  50  
50  47.2304  44.7401  42.7538  41.4947  41.0467  41.4947  42.7538  44.7401  47.2304  50  
50  46.1942  42.7538  40.0425  38.2829  37.6967  38.2829  40.0425  42.7538  46.1942  50  
50  45.5216  41.4947  38.2829  36.2469  35.5226  36.2469  38.2829  41.4947  45.5216  50  
50  45.2976  41.0467  37.6967  35.5226  34.7982  35.5226  37.6967  41.0467  45.2976  50  
50  45.5216  41.4947  38.2829  36.2469  35.5226  36.2469  38.2829  41.4947  45.5216  50  
50  46.1942  42.7538  40.0425  38.2829  37.6967  38.2829  40.0425  42.7538  46.1942  50  
50  47.2304  44.7401  42.7538  41.4947  41.0467  41.4947  42.7538  44.7401  47.2304  50  
50  48.5454  47.2304  46.1942  45.5216  45.2976  45.5216  46.1942  47.2304  48.5454  50  
50  50  50  50  50  50  50  50  50  50  50  

 Average is: 44.9849  at 34

50  50  50  50  50  50  50  50  50  50  50  
50  48.6152  47.3699  46.3764  45.7466  45.5225  45.7466  46.3764  47.3699  48.6152  50  
50  47.3699  44.9921  43.1179  41.9012  41.4959  41.9012  43.1179  44.9921  47.3699  50  
50  46.3764  43.1179  40.5183  38.8702  38.2838  38.8702  40.5183  43.1179  46.3764  50  
50  45.7466  41.9012  38.8702  36.9027  36.2472  36.9027  38.8702  41.9012  45.7466  50  
50  45.5225  41.4959  38.2838  36.2472  35.5226  36.2472  38.2838  41.4959  45.5225  50  
50  45.7466  41.9012  38.8702  36.9027  36.2472  36.9027  38.8702  41.9012  45.7466  50  
50  46.3764  43.1179  40.5183  38.8702  38.2838  38.8702  40.5183  43.1179  46.3764  50  
50  47.3699  44.9921  43.1179  41.9012  41.4959  41.9012  43.1179  44.9921  47.3699  50  
50  48.6152  47.3699  46.3764  45.7466  45.5225  45.7466  46.3764  47.3699  48.6152  50  
50  50  50  50  50  50  50  50  50  50  50  

 Average is: 45.2305  at 35

50  50  50  50  50  50  50  50  50  50  50  
50  48.685  47.4959  46.5586  45.95  45.7473  45.95  46.5586  47.4959  48.685  50  
50  47.4959  45.2439  43.447  42.3077  41.9022  42.3077  43.447  45.2439  47.4959  50  
50  46.5586  43.447  40.994  39.4015  38.8709  39.4015  40.994  43.447  46.5586  50  
50  45.95  42.3077  39.4015  37.5587  36.9029  37.5587  39.4015  42.3077  45.95  50  
50  45.7473  41.9022  38.8709  36.9029  36.2472  36.9029  38.8709  41.9022  45.7473  50  
50  45.95  42.3077  39.4015  37.5587  36.9029  37.5587  39.4015  42.3077  45.95  50  
50  46.5586  43.447  40.994  39.4015  38.8709  39.4015  40.994  43.447  46.5586  50  
50  47.4959  45.2439  43.447  42.3077  41.9022  42.3077  43.447  45.2439  47.4959  50  
50  48.685  47.4959  46.5586  45.95  45.7473  45.95  46.5586  47.4959  48.685  50  
50  50  50  50  50  50  50  50  50  50  50  

 Average is: 45.4641  at 36

50  50  50  50  50  50  50  50  50  50  50  
50  48.748  47.6219  46.7233  46.1534  45.9506  46.1534  46.7233  47.6219  48.748  50  
50  47.6219  45.4715  43.776  42.6752  42.3084  42.6752  43.776  45.4715  47.6219  50  
50  46.7232  43.7761  41.4243  39.9328  39.402  39.9328  41.4243  43.776  46.7232  50  
50  46.1534  42.6752  39.9328  38.1522  37.5589  38.1522  39.9328  42.6752  46.1534  50  
50  45.9506  42.3084  39.402  37.5589  36.9029  37.5589  39.402  42.3084  45.9506  50  
50  46.1534  42.6752  39.9328  38.1522  37.5589  38.1522  39.9328  42.6752  46.1534  50  
50  46.7232  43.7761  41.4243  39.9328  39.402  39.9328  41.4243  43.776  46.7232  50  
50  47.6219  45.4715  43.776  42.6752  42.3084  42.6752  43.776  45.4715  47.6219  50  
50  48.748  47.6219  46.7233  46.1534  45.9506  46.1534  46.7233  47.6219  48.748  50  
50  50  50  50  50  50  50  50  50  50  50  

 Average is: 45.6862  at 37

50  50  50  50  50  50  50  50  50  50  50  
50  48.8109  47.7357  46.8878  46.3372  46.1538  46.3372  46.8878  47.7357  48.8109  50  
50  47.7357  45.699  44.0735  43.0427  42.6757  43.0427  44.0735  45.699  47.7357  50  
50  46.8878  44.0735  41.8544  40.4134  39.9332  40.4134  41.8544  44.0735  46.8878  50  
50  46.3372  43.0427  40.4134  38.7458  38.1524  38.7458  40.4134  43.0427  46.3372  50  
50  46.1538  42.6757  39.9332  38.1524  37.5589  38.1524  39.9332  42.6757  46.1538  50  
50  46.3372  43.0427  40.4134  38.7458  38.1524  38.7458  40.4134  43.0427  46.3372  50  
50  46.8878  44.0735  41.8544  40.4134  39.9332  40.4134  41.8544  44.0735  46.8878  50  
50  47.7357  45.699  44.0735  43.0427  42.6757  43.0427  44.0735  45.699  47.7357  50  
50  48.8109  47.7357  46.8878  46.3372  46.1538  46.3372  46.8878  47.7357  48.8109  50  
50  50  50  50  50  50  50  50  50  50  50  

 Average is: 45.8974  at 38

50  50  50  50  50  50  50  50  50  50  50  
50  48.8678  47.8494  47.0366  46.5211  46.3376  46.5211  47.0366  47.8494  48.8678  50  
50  47.8494  45.9046  44.371  43.375  43.0431  43.375  44.371  45.9046  47.8494  50  
50  47.0366  44.371  42.2435  40.894  40.4137  40.894  42.2435  44.371  47.0366  50  
50  46.5211  43.375  40.894  39.2829  38.7459  39.2829  40.894  43.375  46.5211  50  
50  46.3376  43.0431  40.4137  38.7459  38.1524  38.7459  40.4137  43.0431  46.3376  50  
50  46.5211  43.375  40.894  39.2829  38.7459  39.2829  40.894  43.375  46.5211  50  
50  47.0366  44.371  42.2435  40.894  40.4137  40.894  42.2435  44.371  47.0366  50  
50  47.8494  45.9046  44.371  43.375  43.0431  43.375  44.371  45.9046  47.8494  50  
50  48.8678  47.8494  47.0366  46.5211  46.3376  46.5211  47.0366  47.8494  48.8678  50  
50  50  50  50  50  50  50  50  50  50  50  

 Average is: 46.0982  at 39

50  50  50  50  50  50  50  50  50  50  50  
50  48.9247  47.9523  47.1854  46.6873  46.5213  46.6873  47.1854  47.9523  48.9247  50  
50  47.9523  46.1102  44.6399  43.7073  43.3753  43.7073  44.6399  46.1102  47.9523  50  
50  47.1854  44.6399  42.6325  41.3288  40.8943  41.3288  42.6325  44.6399  47.1854  50  
50  46.6873  43.7073  41.3288  39.82  39.283  39.82  41.3288  43.7073  46.6873  50  
50  46.5213  43.3753  40.8943  39.283  38.7459  39.283  40.8943  43.3753  46.5213  50  
50  46.6873  43.7073  41.3288  39.82  39.283  39.82  41.3288  43.7073  46.6873  50  
50  47.1854  44.6399  42.6325  41.3288  40.8943  41.3288  42.6325  44.6399  47.1854  50  
50  47.9523  46.1102  44.6399  43.7073  43.3753  43.7073  44.6399  46.1102  47.9523  50  
50  48.9247  47.9523  47.1854  46.6873  46.5213  46.6873  47.1854  47.9523  48.9247  50  
50  50  50  50  50  50  50  50  50  50  50  

 Average is: 46.2893  at 40

50  50  50  50  50  50  50  50  50  50  50  
50  48.9761  48.0551  47.3199  46.8535  46.6875  46.8535  47.3199  48.0551  48.9761  50  
50  48.0551  46.2961  44.9088  44.0078  43.7075  44.0078  44.9088  46.2961  48.0551  50  
50  47.3199  44.9088  42.9844  41.7635  41.329  41.7635  42.9843  44.9088  47.3199  50  
50  46.8535  44.0078  41.7635  40.3059  39.82  40.3059  41.7635  44.0078  46.8535  50  
50  46.6875  43.7075  41.329  39.8201  39.283  39.82  41.329  43.7075  46.6875  50  
50  46.8535  44.0078  41.7635  40.3059  39.82  40.3059  41.7635  44.0078  46.8535  50  
50  47.3199  44.9088  42.9844  41.7635  41.329  41.7635  42.9843  44.9088  47.3199  50  
50  48.0551  46.2961  44.9088  44.0078  43.7075  44.0078  44.9088  46.2961  48.0551  50  
50  48.9761  48.0551  47.3199  46.8535  46.6875  46.8535  47.3199  48.0551  48.9761  50  
50  50  50  50  50  50  50  50  50  50  50  

 Average is: 46.4709  at 41

50  50  50  50  50  50  50  50  50  50  50  
50  49.0275  48.148  47.4543  47.0038  46.8536  47.0038  47.4543  48.148  49.0275  50  
50  48.148  46.482  45.152  44.3083  44.008  44.3083  45.152  46.482  48.148  50  
50  47.4544  45.152  43.3362  42.1568  41.7636  42.1567  43.3362  45.152  47.4543  50  
50  47.0038  44.3083  42.1568  40.7918  40.3059  40.7918  42.1568  44.3083  47.0038  50  
50  46.8536  44.008  41.7637  40.3059  39.82  40.3059  41.7636  44.008  46.8536  50  
50  47.0038  44.3083  42.1568  40.7918  40.3059  40.7918  42.1568  44.3083  47.0038  50  
50  47.4544  45.152  43.3362  42.1568  41.7636  42.1567  43.3362  45.152  47.4543  50  
50  48.148  46.482  45.152  44.3083  44.008  44.3083  45.152  46.482  48.148  50  
50  49.0275  48.148  47.4543  47.0038  46.8536  47.0038  47.4543  48.148  49.0275  50  
50  50  50  50  50  50  50  50  50  50  50  

 Average is: 46.6436  at 42

50  50  50  50  50  50  50  50  50  50  50  
50  49.074  48.241  47.576  47.1541  47.0039  47.1541  47.576  48.241  49.074  50  
50  48.241  46.65  45.3952  44.5802  44.3085  44.5802  45.3952  46.65  48.241  50  
50  47.576  45.3952  43.6544  42.55  42.1569  42.55  43.6544  45.3952  47.576  50  
50  47.1541  44.5802  42.55  41.2313  40.7918  41.2313  42.55  44.5801  47.1541  50  
50  47.0039  44.3085  42.1569  40.7918  40.3059  40.7918  42.1569  44.3085  47.0039  50  
50  47.1541  44.5802  42.55  41.2313  40.7918  41.2313  42.55  44.5801  47.1541  50  
50  47.576  45.3952  43.6544  42.55  42.1569  42.55  43.6544  45.3952  47.576  50  
50  48.241  46.65  45.3952  44.5802  44.3085  44.5802  45.3952  46.65  48.241  50  
50  49.074  48.241  47.576  47.1541  47.0039  47.1541  47.576  48.241  49.074  50  
50  50  50  50  50  50  50  50  50  50  50  

 Average is: 46.8079  at 43

50  50  50  50  50  50  50  50  50  50  50  
50  49.1205  48.325  47.6976  47.29  47.1542  47.29  47.6976  48.325  49.1205  50  
50  48.325  46.8181  45.6151  44.8519  44.5803  44.8519  45.6151  46.8181  48.325  50  
50  47.6976  45.6151  43.9726  42.9057  42.5501  42.9057  43.9726  45.6151  47.6976  50  
50  47.29  44.8519  42.9057  41.6709  41.2314  41.6709  42.9057  44.8519  47.29  50  
50  47.1542  44.5803  42.5501  41.2314  40.7918  41.2314  42.5501  44.5803  47.1542  50  
50  47.29  44.8519  42.9057  41.6709  41.2314  41.6709  42.9057  44.8519  47.29  50  
50  47.6976  45.6151  43.9726  42.9057  42.5501  42.9057  43.9726  45.6151  47.6976  50  
50  48.325  46.8181  45.6151  44.8519  44.5803  44.8519  45.6151  46.8181  48.325  50  
50  49.1205  48.325  47.6976  47.29  47.1542  47.29  47.6976  48.325  49.1205  50  
50  50  50  50  50  50  50  50  50  50  50  

 Average is: 46.9642  at 44

50  50  50  50  50  50  50  50  50  50  50  
50  49.1625  48.409  47.8075  47.4259  47.2901  47.4259  47.8075  48.409  49.1625  50  
50  48.409  46.9701  45.835  45.0978  44.852  45.0978  45.835  46.9701  48.409  50  
50  47.8075  45.835  44.2604  43.2614  42.9058  43.2614  44.2604  45.835  47.8075  50  
50  47.4259  45.0978  43.2614  42.0685  41.6709  42.0685  43.2614  45.0978  47.4259  50  
50  47.2901  44.852  42.9057  41.6709  41.2314  41.6709  42.9057  44.852  47.2901  50  
50  47.4259  45.0978  43.2614  42.0685  41.6709  42.0685  43.2614  45.0978  47.4259  50  
50  47.8075  45.835  44.2604  43.2614  42.9058  43.2614  44.2604  45.835  47.8075  50  
50  48.409  46.9701  45.835  45.0978  44.852  45.0978  45.835  46.9701  48.409  50  
